{
 "cells": [
  {
   "cell_type": "code",
   "execution_count": 11,
   "id": "4ecb3750-d25f-4f80-bb94-1876725cd188",
   "metadata": {},
   "outputs": [],
   "source": [
    "import pandas as pd\n",
    "import numpy as np"
   ]
  },
  {
   "cell_type": "code",
   "execution_count": 6,
   "id": "1fadc9f2-7697-4cd6-a468-8e804b662882",
   "metadata": {},
   "outputs": [],
   "source": [
    "dm=pd.read_excel(\"distance_modified.xlsx\",index_col=0)"
   ]
  },
  {
   "cell_type": "code",
   "execution_count": 12,
   "id": "6ce40981-24a8-4b29-bb6c-29c1e2c761c7",
   "metadata": {},
   "outputs": [
    {
     "data": {
      "text/plain": [
       "array([[  0.        ,  10.13333333,  30.09527817,  33.69150555,\n",
       "         30.37617582,  17.68333333,  18.90416667,  10.13333333,\n",
       "         21.17194192,  14.61666667,  21.05313187,  10.68732665,\n",
       "         25.70217522,  23.94755193,  42.75833333,  22.13333333,\n",
       "         50.64166667,  12.70912362,  12.55444547,  13.04374536,\n",
       "         12.83449003,  27.9362194 ,  57.8512277 , 105.47965463],\n",
       "       [ 10.13333333,   0.        ,  31.61037675,  10.16666667,\n",
       "         16.45      ,  35.81449682,  12.74444444,  17.66111111,\n",
       "         11.70833333,  23.94755193,  31.75454759,  30.81954661,\n",
       "         31.75454759,  18.85911137,  10.13333333,  29.44166667,\n",
       "          9.55      ,  13.33333333,  13.33333333,  12.62161671,\n",
       "         13.30164739,  21.39166667,  87.32037466,  83.12574234],\n",
       "       [ 30.09527817,  31.61037675,   0.        ,  25.53779796,\n",
       "         24.70680098,  34.51158333,  16.58688459,  30.53473127,\n",
       "         22.80581334,  14.13333333,  18.85911137,  13.14538907,\n",
       "         21.53455072,  13.14538907,  20.61      ,  12.475     ,\n",
       "          9.96666667,  12.21666667,  12.21666667,  12.99170685,\n",
       "         12.77583332, 106.71111036,  64.93595921,  83.16457317],\n",
       "       [ 33.69150555,  10.16666667,  25.53779796,   0.        ,\n",
       "         22.47297842,  14.8375    ,  25.24629821,  10.13333333,\n",
       "         10.13333333,  23.73333333,  17.93333333,  23.82856524,\n",
       "         20.69412578,  10.13333333,  22.2       ,  15.39      ,\n",
       "         43.33832542,  13.33333333,  12.21666667,  13.33333333,\n",
       "         13.03996756,  52.82644898,  56.05409183,  78.36946763],\n",
       "       [ 30.37617582,  16.45      ,  24.70680098,  22.47297842,\n",
       "          0.        ,  19.77410583,  12.8       ,  22.6838582 ,\n",
       "         10.77366024,  26.29150368,  26.25868147,  10.13333333,\n",
       "         33.0567925 ,  10.13333333,  31.63474167,  10.94444444,\n",
       "         19.19166667,  13.06078713,  12.9935339 ,  12.83648877,\n",
       "         12.61229464, 114.44531681,  54.83042862,  80.43229639],\n",
       "       [ 17.68333333,  35.81449682,  34.51158333,  14.8375    ,\n",
       "         19.77410583,   0.        ,  13.3747389 ,  27.78576404,\n",
       "         11.36666667,  29.34841044,  28.4713383 ,  20.23064306,\n",
       "         21.91458051,  12.26666667,  47.38333333,  18.3       ,\n",
       "         33.71111111,  12.80195153,  13.33333333,  12.21666667,\n",
       "         12.37164391,  72.12127906,  62.976939  , 107.96127432],\n",
       "       [ 18.90416667,  12.74444444,  16.58688459,  25.24629821,\n",
       "         12.8       ,  13.3747389 ,   0.        ,  10.13333333,\n",
       "         10.13333333,  30.57437639,  15.58287955,  36.9802268 ,\n",
       "         32.30608447,  41.58333333,  28.14202189,   6.63333333,\n",
       "         16.23333333,  12.92680528,  12.59713731,  12.21666667,\n",
       "         12.21666667,  31.20833333,  63.25      , 114.        ],\n",
       "       [ 10.13333333,  17.66111111,  30.53473127,  10.13333333,\n",
       "         22.6838582 ,  27.78576404,  10.13333333,   0.        ,\n",
       "         18.46365514,  11.30101233,  17.41758722,  15.65      ,\n",
       "         35.99204775,  26.74117732,  10.13333333,  18.33243958,\n",
       "          6.63333333,  12.74097705,  12.98600038,  13.28505975,\n",
       "         12.4313204 ,  21.39166667, 100.8915145 ,  63.17714986],\n",
       "       [ 21.17194192,  11.70833333,  22.80581334,  10.13333333,\n",
       "         10.77366024,  11.36666667,  10.13333333,  18.46365514,\n",
       "          0.        ,  33.69150555,  30.37617582,  10.13333333,\n",
       "         21.17194192,  21.05313187,  10.68732665,  62.74314956,\n",
       "          7.8504692 ,  13.03822043,  12.95126704,  12.21666667,\n",
       "         12.93979198,  21.39166667,  80.41261207, 102.59002166],\n",
       "       [ 14.61666667,  23.94755193,  14.13333333,  23.73333333,\n",
       "         26.29150368,  29.34841044,  30.57437639,  11.30101233,\n",
       "         33.69150555,   0.        ,  20.40808872,  17.22131271,\n",
       "         15.88333333,  15.25057015,  18.08881326,  62.28251167,\n",
       "         46.41666667,  12.21666667,  13.25400239,  12.21666667,\n",
       "         12.3953614 , 100.6906185 ,  59.42348891, 108.86666667],\n",
       "       [ 21.05313187,  31.75454759,  18.85911137,  17.93333333,\n",
       "         26.25868147,  28.4713383 ,  15.58287955,  17.41758722,\n",
       "         30.37617582,  20.40808872,   0.        ,  16.86883102,\n",
       "         21.38985469,  18.14070907,  32.54350374,  55.13333333,\n",
       "         30.67334594,  12.80267595,  13.199759  ,  12.4294929 ,\n",
       "         12.4965284 ,  21.39166667,  86.02456416, 112.80663401],\n",
       "       [ 10.68732665,  30.81954661,  13.14538907,  23.82856524,\n",
       "         10.13333333,  20.23064306,  36.9802268 ,  15.65      ,\n",
       "         10.13333333,  17.22131271,  16.86883102,   0.        ,\n",
       "         10.13333333,  33.38827363,  22.79444444,  44.8321055 ,\n",
       "         18.95      ,  12.72013225,  12.31355804,  12.21666667,\n",
       "         12.77460674, 115.85      , 116.81666667,  94.74088423],\n",
       "       [ 25.70217522,  31.75454759,  21.53455072,  20.69412578,\n",
       "         33.0567925 ,  21.91458051,  32.30608447,  35.99204775,\n",
       "         21.17194192,  15.88333333,  21.38985469,  10.13333333,\n",
       "          0.        ,  10.13333333,  27.175     ,  78.30833333,\n",
       "         24.35833333,  12.62661755,  12.98495168,  12.21666667,\n",
       "         12.61845834, 131.45      ,  79.07777778, 114.        ],\n",
       "       [ 23.94755193,  18.85911137,  13.14538907,  10.13333333,\n",
       "         10.13333333,  12.26666667,  41.58333333,  26.74117732,\n",
       "         21.05313187,  15.25057015,  18.14070907,  33.38827363,\n",
       "         10.13333333,   0.        ,  14.09444444,  32.22395833,\n",
       "         32.48583333,  12.21666667,  12.7555885 ,  12.7528459 ,\n",
       "         12.21666667, 122.43472251,  68.63064052, 114.        ],\n",
       "       [ 42.75833333,  10.13333333,  20.61      ,  22.2       ,\n",
       "         31.63474167,  47.38333333,  28.14202189,  10.13333333,\n",
       "         10.68732665,  18.08881326,  32.54350374,  22.79444444,\n",
       "         27.175     ,  14.09444444,   0.        ,  43.4125    ,\n",
       "         15.75833333,  12.21666667,  12.78432586,  12.52843254,\n",
       "         13.27158859,  40.46666667,  74.675     ,  62.82666667],\n",
       "       [ 22.13333333,  29.44166667,  12.475     ,  15.39      ,\n",
       "         10.94444444,  18.3       ,   6.63333333,  18.33243958,\n",
       "         62.74314956,  62.28251167,  55.13333333,  44.8321055 ,\n",
       "         78.30833333,  32.22395833,  43.4125    ,   0.        ,\n",
       "         24.69583333,  12.44445068,  12.50682927,  12.86798211,\n",
       "         12.34327801,  50.80833333,  37.97361111,  89.43333333],\n",
       "       [ 50.64166667,   9.55      ,   9.96666667,  43.33832542,\n",
       "         19.19166667,  33.71111111,  16.23333333,   6.63333333,\n",
       "          7.8504692 ,  46.41666667,  30.67334594,  18.95      ,\n",
       "         24.35833333,  32.48583333,  15.75833333,  24.69583333,\n",
       "          0.        ,  13.33333333,  12.81378571,  12.74339611,\n",
       "         13.18715375,  86.30833333,  42.91296296,  52.41666667],\n",
       "       [ 12.70912362,  13.33333333,  12.21666667,  13.33333333,\n",
       "         13.06078713,  12.80195153,  12.92680528,  12.74097705,\n",
       "         13.03822043,  12.21666667,  12.80267595,  12.72013225,\n",
       "         12.62661755,  12.21666667,  12.21666667,  12.44445068,\n",
       "         13.33333333,  42.54736096,  20.35691087,  17.37333333,\n",
       "         21.70092593,  66.29642857,  30.77589381,  43.28483431],\n",
       "       [ 12.55444547,  13.33333333,  12.21666667,  12.21666667,\n",
       "         12.9935339 ,  13.33333333,  12.59713731,  12.98600038,\n",
       "         12.95126704,  13.25400239,  13.199759  ,  12.31355804,\n",
       "         12.98495168,  12.7555885 ,  12.78432586,  12.50682927,\n",
       "         12.81378571,  20.35691087,  38.45426779,  21.70092593,\n",
       "         21.70092593,  58.82161299,  30.94333687,  46.82916667],\n",
       "       [ 13.04374536,  12.62161671,  12.99170685,  13.33333333,\n",
       "         12.83648877,  12.21666667,  12.21666667,  13.28505975,\n",
       "         12.21666667,  12.21666667,  12.4294929 ,  12.21666667,\n",
       "         12.21666667,  12.7528459 ,  12.52843254,  12.86798211,\n",
       "         12.74339611,  17.37333333,  21.70092593,  41.82880533,\n",
       "         17.37333333,  53.83333333,  30.99814815,  41.95555556],\n",
       "       [ 12.83449003,  13.30164739,  12.77583332,  13.03996756,\n",
       "         12.61229464,  12.37164391,  12.21666667,  12.4313204 ,\n",
       "         12.93979198,  12.3953614 ,  12.4965284 ,  12.77460674,\n",
       "         12.61845834,  12.21666667,  13.27158859,  12.34327801,\n",
       "         13.18715375,  21.70092593,  21.70092593,  17.37333333,\n",
       "         41.28903626,  66.29642857,  30.74814815,  46.82916667],\n",
       "       [ 27.9362194 ,  21.39166667, 106.71111036,  52.82644898,\n",
       "        114.44531681,  72.12127906,  31.20833333,  21.39166667,\n",
       "         21.39166667, 100.6906185 ,  21.39166667, 115.85      ,\n",
       "        131.45      , 122.43472251,  40.46666667,  50.80833333,\n",
       "         86.30833333,  66.29642857,  58.82161299,  53.83333333,\n",
       "         66.29642857,   0.        ,  13.23958333,  32.38333333],\n",
       "       [ 57.8512277 ,  87.32037466,  64.93595921,  56.05409183,\n",
       "         54.83042862,  62.976939  ,  63.25      , 100.8915145 ,\n",
       "         80.41261207,  59.42348891,  86.02456416, 116.81666667,\n",
       "         79.07777778,  68.63064052,  74.675     ,  37.97361111,\n",
       "         42.91296296,  30.77589381,  30.94333687,  30.99814815,\n",
       "         30.74814815,  13.23958333,   0.        ,  40.        ],\n",
       "       [105.47965463,  83.12574234,  83.16457317,  78.36946763,\n",
       "         80.43229639, 107.96127432, 114.        ,  63.17714986,\n",
       "        102.59002166, 108.86666667, 112.80663401,  94.74088423,\n",
       "        114.        , 114.        ,  62.82666667,  89.43333333,\n",
       "         52.41666667,  43.28483431,  46.82916667,  41.95555556,\n",
       "         46.82916667,  32.38333333,  40.        ,   0.        ]])"
      ]
     },
     "execution_count": 12,
     "metadata": {},
     "output_type": "execute_result"
    }
   ],
   "source": [
    "np.array(dm+dm.T)"
   ]
  },
  {
   "cell_type": "code",
   "execution_count": null,
   "id": "cf2a337f-77af-47b0-9fcc-506700ed3f5d",
   "metadata": {},
   "outputs": [],
   "source": []
  }
 ],
 "metadata": {
  "kernelspec": {
   "display_name": "Python 3 (ipykernel)",
   "language": "python",
   "name": "python3"
  },
  "language_info": {
   "codemirror_mode": {
    "name": "ipython",
    "version": 3
   },
   "file_extension": ".py",
   "mimetype": "text/x-python",
   "name": "python",
   "nbconvert_exporter": "python",
   "pygments_lexer": "ipython3",
   "version": "3.11.7"
  }
 },
 "nbformat": 4,
 "nbformat_minor": 5
}
